a <- 2+1
b <- 5-2

a + b